Multi-year Tax Rates

year 2013
Single
8925 0.10 36250 0.15 87850 0.25 183250 0.28 398350 0.33 400000 0.35 400000.01 0.396
Married Filing Jointly or Surviving Spouse
17850 0.10 72500 0.15 146400 0.25 223050 0.28 398350 0.33 450000 0.35 450000.01 0.396
Head of Household
12750 0.10 48600 0.15 125450 0.25 203150 0.28 398350 0.33 425000 0.35 425000.01 0.396
Married Filing Separately
8925 0.10 36350 0.15 73200 0.25 111525 0.28 199175 0.33 225000 0.35 225000.01 0.396

year 2014
Single
9075 0.10 36900 0.15 89350 0.25 186350 0.28 405100 0.33 406750 0.35 406750.01 0.396
Married Filing Jointly or Surviving Spouse
18150 0.10 73800 0.15 148850 0.25 226850 0.28 405100 0.33 406750 0.35 406750.01 0.396
Head of Household
12950 0.10 49400 0.15 127550 0.25 206600 0.28 405100 0.33 432200 0.35 432200.01 0.396
Married Filing Separately
9075 0.10 36900 0.15 74425 0.25 113425 0.28 202550 0.33 228800 0.35 228800.01 0.396

end